network unknown {
}
variable cb_person_cred_hist_length {
    type discrete [ 4 ] { high, low, lower_middle, middle };
}
variable cb_person_default_on_file {
    type discrete [ 2 ] { N, Y };
}
variable loan_amnt {
    type discrete [ 5 ] { high, low, lower_middle, middle, upper_middle };
}
variable loan_grade {
    type discrete [ 7 ] { A, B, C, D, E, F, G };
}
variable loan_int_rate {
    type discrete [ 3 ] { high, low, middle };
}
variable loan_intent {
    type discrete [ 6 ] { DEBTCONSOLIDATION, EDUCATION, HOMEIMPROVEMENT, MEDICAL, PERSONAL, VENTURE };
}
variable loan_percent_income {
    type discrete [ 4 ] { high, low, lower_middle, middle };
}
variable loan_status {
    type discrete [ 2 ] { 0, 1 };
}
variable person_age {
    type discrete [ 5 ] { adult, middle_aged, senior, young, young_adult };
}
variable person_emp_length {
    type discrete [ 5 ] { entry_level, mid_level, retired, senior_level, unemployed };
}
variable person_home_ownership {
    type discrete [ 4 ] { MORTGAGE, OTHER, OWN, RENT };
}
variable person_income {
    type discrete [ 5 ] { high, low, lower_middle, middle, upper_middle };
}
probability ( cb_person_cred_hist_length | person_age, person_emp_length ) {
    ( adult, entry_level ) 1.3490907128595328e-05, 0.4829879661108413, 0.4255167017430252, 0.09148184123900492;
    ( adult, mid_level ) 1.4942322634630328e-05, 0.5917309186539956, 0.34249297710836174, 0.06576116191500808;
    ( adult, retired ) 0.25, 0.25, 0.25, 0.25;
    ( adult, senior_level ) 2.853555530190618e-05, 0.31563177719438423, 0.5901438191987216, 0.0941958680515923;
    ( adult, unemployed ) 2.138397057565649e-05, 0.4969848601488325, 0.4242793601916004, 0.07871439568899154;
    ( middle_aged, entry_level ) 1.9990404605789224e-05, 1.9990404605789224e-05, 0.6329162002238926, 0.3670438189668959;
    ( middle_aged, mid_level ) 2.8070963395463737e-05, 2.8070963395463737e-05, 0.6422917134516057, 0.35765214462160344;
    ( middle_aged, retired ) 0.0006561679790026247, 0.0006561679790026247, 0.0006561679790026247, 0.998031496062992;
    ( middle_aged, senior_level ) 3.550632012498225e-05, 3.550632012498225e-05, 0.6753657150972873, 0.32456327226246273;
    ( middle_aged, unemployed ) 3.278258589037504e-05, 3.278258589037504e-05, 0.6399488591660111, 0.35998557566220823;
    ( senior, entry_level ) 0.13808481992595087, 8.414675193537531e-05, 8.414675193537531e-05, 0.8617468865701784;
    ( senior, mid_level ) 0.11949906367041198, 0.00011704119850187267, 0.00011704119850187267, 0.8802668539325843;
    ( senior, retired ) 0.24002659574468085, 0.0006648936170212766, 0.0006648936170212766, 0.7586436170212766;
    ( senior, senior_level ) 0.07781904118838623, 0.00016880486158001352, 0.00016880486158001352, 0.9218433490884538;
    ( senior, unemployed ) 0.18959362987369577, 0.0001372872048325096, 0.0001372872048325096, 0.8101317957166393;
    ( young, entry_level ) 0.00010656436487638534, 0.9996803069053708, 0.00010656436487638534, 0.00010656436487638534;
    ( young, mid_level ) 0.00010220768601798854, 0.9996933769419459, 0.00010220768601798854, 0.00010220768601798854;
    ( young, retired ) 0.25, 0.25, 0.25, 0.25;
    ( young, senior_level ) 0.25, 0.25, 0.25, 0.25;
    ( young, unemployed ) 0.00018573551263001485, 0.9994427934621098, 0.00018573551263001485, 0.00018573551263001485;
    ( young_adult, entry_level ) 1.3329068031563231e-05, 0.9999600127959052, 1.3329068031563231e-05, 1.3329068031563231e-05;
    ( young_adult, mid_level ) 1.0514804845222071e-05, 0.9999684555854642, 1.0514804845222071e-05, 1.0514804845222071e-05;
    ( young_adult, retired ) 0.25, 0.25, 0.25, 0.25;
    ( young_adult, senior_level ) 0.25, 0.25, 0.25, 0.25;
    ( young_adult, unemployed ) 2.0102926986169183e-05, 0.9999396912190412, 2.0102926986169183e-05, 2.0102926986169183e-05;

}
probability ( cb_person_default_on_file | person_home_ownership ) {
    ( MORTGAGE ) 0.8512315547326488, 0.14876844526735117;
    ( OTHER ) 0.7237762237762237, 0.2762237762237762;
    ( OWN ) 0.8277761528712099, 0.1722238471287901;
    ( RENT ) 0.8002091571121052, 0.19979084288789484;

}
probability ( loan_amnt | loan_grade, person_income ) {
    ( A, high ) 0.15805243445692885, 0.13183520599250936, 0.2367041198501873, 0.28913857677902627, 0.18426966292134833;
    ( A, low ) 0.001092896174863388, 0.9573770491803278, 0.039344262295081964, 0.001092896174863388, 0.001092896174863388;
    ( A, lower_middle ) 1.1464603038119803e-05, 0.36235024362281454, 0.4470163370593293, 0.16452851820005732, 0.026093436514760673;
    ( A, middle ) 0.005933257469500093, 0.225823695980099, 0.42681874718818646, 0.24471908328261044, 0.09670521607960411;
    ( A, upper_middle ) 0.045495659406352335, 0.1364661849560742, 0.32641264230389355, 0.30749077298955135, 0.1841347403441285;
    ( B, high ) 0.39948186528497415, 0.16373056994818655, 0.12746113989637306, 0.07305699481865285, 0.2362694300518135;
    ( B, low ) 0.0013513513513513514, 0.9945945945945946, 0.0013513513513513514, 0.0013513513513513514, 0.0013513513513513514;
    ( B, lower_middle ) 0.00037729916679767327, 0.3910391447885552, 0.38810459571346223, 0.1760834250379919, 0.044395535293192886;
    ( B, middle ) 0.029193202913037272, 0.2045180636869913, 0.33186348707696706, 0.24290161359417395, 0.19152363272883052;
    ( B, upper_middle ) 0.11202037539449641, 0.09768008415923814, 0.23681966668512264, 0.23875754387907647, 0.31472232988206633;
    ( C, high ) 0.21048689138576782, 0.05318352059925094, 0.2367041198501873, 0.21048689138576782, 0.28913857677902627;
    ( C, low ) 0.0016666666666666666, 0.935, 0.06, 0.0016666666666666666, 0.0016666666666666666;
    ( C, lower_middle ) 1.54261473197069e-05, 0.4054917084458156, 0.3952333204782105, 0.15551099112996528, 0.04374855379868877;
    ( C, middle ) 0.016200212795485034, 0.22085395753342277, 0.34941018642734883, 0.2461118564093075, 0.16742378683443587;
    ( C, upper_middle ) 0.07704203013481364, 0.11381839809674862, 0.2775773195876289, 0.20957573354480571, 0.3219865186360032;
    ( D, high ) 0.4153846153846154, 0.08402366863905325, 0.001183431952662722, 0.2911242603550296, 0.20828402366863905;
    ( D, low ) 0.004651162790697674, 0.9813953488372094, 0.004651162790697674, 0.004651162790697674, 0.004651162790697674;
    ( D, lower_middle ) 2.5393600812595227e-05, 0.37953275774504824, 0.42663788725241236, 0.15200609446419502, 0.04179786693753175;
    ( D, middle ) 0.06401610468042274, 0.13623553095118268, 0.3294078174802885, 0.2536654923670525, 0.21667505452105348;
    ( D, upper_middle ) 0.24966216216216214, 0.04602102102102102, 0.20236486486486485, 0.19185435435435436, 0.3100975975975976;
    ( E, high ) 0.144, 0.144, 0.004, 0.28400000000000003, 0.42400000000000004;
    ( E, low ) 0.013333333333333336, 0.9466666666666669, 0.013333333333333336, 0.013333333333333336, 0.013333333333333336;
    ( E, lower_middle ) 0.00011997600479904017, 0.3696460707858428, 0.382243551289742, 0.1596880623875225, 0.08830233953209357;
    ( E, middle ) 0.061178671655753046, 0.10265045213595261, 0.23361396944184598, 0.2117867165575304, 0.39077019020891807;
    ( E, upper_middle ) 0.23641394576646374, 0.02722744881018262, 0.12019922523519645, 0.16668511344770337, 0.4494742667404537;
    ( F, high ) 0.2482758620689655, 0.006896551724137932, 0.006896551724137932, 0.006896551724137932, 0.7310344827586207;
    ( F, low ) 0.2, 0.2, 0.2, 0.2, 0.2;
    ( F, lower_middle ) 0.01935483870967742, 0.3580645161290323, 0.43333333333333335, 0.13225806451612904, 0.05698924731182796;
    ( F, middle ) 0.13644617380025942, 0.10920881971465629, 0.14552529182879378, 0.18184176394293125, 0.4269779507133593;
    ( F, upper_middle ) 0.3915221579961465, 0.027360308285163778, 0.10828516377649326, 0.1622350674373796, 0.310597302504817;
    ( G, high ) 0.2, 0.2, 0.2, 0.2, 0.2;
    ( G, low ) 0.2, 0.2, 0.2, 0.2, 0.2;
    ( G, lower_middle ) 0.0028169014084507044, 0.2, 0.49577464788732395, 0.2, 0.10140845070422534;
    ( G, middle ) 0.21421319796954313, 0.0365482233502538, 0.24974619289340103, 0.10761421319796954, 0.3918781725888325;
    ( G, upper_middle ) 0.4601092896174863, 0.001092896174863388, 0.001092896174863388, 0.1540983606557377, 0.3836065573770492;

}
probability ( loan_grade | cb_person_default_on_file, person_home_ownership ) {
    ( N, MORTGAGE ) 0.4760759130135921, 0.3537412724045555, 0.09668033577996336, 0.05203522268413675, 0.015475445030861434, 0.004753587161391267, 0.0012382239254994088;
    ( N, OTHER ) 0.3360938578329884, 0.426270991488383, 0.09132735219691746, 0.09132735219691746, 0.039797561536691985, 0.014032666206579255, 0.0011502185415228898;
    ( N, OWN ) 0.4320543128033853, 0.3755205397629283, 0.11405183945081478, 0.06128698461305493, 0.013233277528666492, 0.002397637695912238, 0.0014554081452379552;
    ( N, RENT ) 0.33136550273029675, 0.42195112312160066, 0.14057860215889004, 0.07769523973055437, 0.022290723804617857, 0.005272532273648376, 0.0008462761803917398;
    ( Y, MORTGAGE ) 4.48982157449063e-05, 4.48982157449063e-05, 0.5773281969774522, 0.3108123883156883, 0.0815082208633029, 0.02166787891849178, 0.008593518493575066;
    ( Y, OTHER ) 0.0030138637733574444, 0.0030138637733574444, 0.3405666063893912, 0.4418324291742013, 0.17179023508137434, 0.03676913803496082, 0.0030138637733574444;
    ( Y, OWN ) 0.00020217540738344585, 0.00020217540738344585, 0.5662933160810318, 0.3398568598115725, 0.06586874772552666, 0.02284582103432938, 0.0047309045327726335;
    ( Y, RENT ) 2.7290937771203693e-05, 2.7290937771203693e-05, 0.5615219610176244, 0.33350071775166334, 0.0819437697518162, 0.017755484113945123, 0.005223485489408387;

}
probability ( loan_int_rate | loan_grade ) {
    ( A ) 2.2246248170246086e-05, 0.9074556076117762, 0.09252214614005347;
    ( B ) 2.292747123748733e-05, 0.16333989059010723, 0.8366371819386552;
    ( C ) 3.699018280548342e-05, 0.0005030664861545745, 0.9994599433310399;
    ( D ) 0.02658720761964901, 0.0006183071539453259, 0.9727944852264057;
    ( E ) 0.29909081925091413, 0.0012847119280561322, 0.6996244688210297;
    ( F ) 0.745665878644602, 0.0009850275807722615, 0.25334909377462567;
    ( G ) 0.8999264164827078, 0.0036791758646063273, 0.09639440765268578;

}
probability ( loan_intent | cb_person_cred_hist_length, person_age, person_home_ownership ) {
    ( high, adult, MORTGAGE ) 0.16666666666666669, 0.16666666666666669, 0.16666666666666669, 0.16666666666666669, 0.16666666666666669, 0.16666666666666669;
    ( high, adult, OTHER ) 0.16666666666666669, 0.16666666666666669, 0.16666666666666669, 0.16666666666666669, 0.16666666666666669, 0.16666666666666669;
    ( high, adult, OWN ) 0.16666666666666669, 0.16666666666666669, 0.16666666666666669, 0.16666666666666669, 0.16666666666666669, 0.16666666666666669;
    ( high, adult, RENT ) 0.16666666666666669, 0.16666666666666669, 0.16666666666666669, 0.16666666666666669, 0.16666666666666669, 0.16666666666666669;
    ( high, middle_aged, MORTGAGE ) 0.16666666666666669, 0.16666666666666669, 0.16666666666666669, 0.16666666666666669, 0.16666666666666669, 0.16666666666666669;
    ( high, middle_aged, OTHER ) 0.16666666666666669, 0.16666666666666669, 0.16666666666666669, 0.16666666666666669, 0.16666666666666669, 0.16666666666666669;
    ( high, middle_aged, OWN ) 0.16666666666666669, 0.16666666666666669, 0.16666666666666669, 0.16666666666666669, 0.16666666666666669, 0.16666666666666669;
    ( high, middle_aged, RENT ) 0.16666666666666669, 0.16666666666666669, 0.16666666666666669, 0.16666666666666669, 0.16666666666666669, 0.16666666666666669;
    ( high, senior, MORTGAGE ) 0.06032104339102081, 0.012164534737898167, 0.00012540757461750686, 0.036242789064459484, 0.8910208176573864, 0.00012540757461750686;
    ( high, senior, OTHER ) 0.16666666666666669, 0.16666666666666669, 0.16666666666666669, 0.16666666666666669, 0.16666666666666669, 0.16666666666666669;
    ( high, senior, OWN ) 0.000576701268742791, 0.000576701268742791, 0.000576701268742791, 0.000576701268742791, 0.9417531718569779, 0.055940023068050744;
    ( high, senior, RENT ) 0.16901305176712128, 0.11973896465757443, 0.11973896465757443, 0.28163953658894264, 0.16197389646575744, 0.14789558586302978;
    ( high, young, MORTGAGE ) 0.16666666666666669, 0.16666666666666669, 0.16666666666666669, 0.16666666666666669, 0.16666666666666669, 0.16666666666666669;
    ( high, young, OTHER ) 0.16666666666666669, 0.16666666666666669, 0.16666666666666669, 0.16666666666666669, 0.16666666666666669, 0.16666666666666669;
    ( high, young, OWN ) 0.16666666666666669, 0.16666666666666669, 0.16666666666666669, 0.16666666666666669, 0.16666666666666669, 0.16666666666666669;
    ( high, young, RENT ) 0.16666666666666669, 0.16666666666666669, 0.16666666666666669, 0.16666666666666669, 0.16666666666666669, 0.16666666666666669;
    ( high, young_adult, MORTGAGE ) 0.16666666666666669, 0.16666666666666669, 0.16666666666666669, 0.16666666666666669, 0.16666666666666669, 0.16666666666666669;
    ( high, young_adult, OTHER ) 0.16666666666666669, 0.16666666666666669, 0.16666666666666669, 0.16666666666666669, 0.16666666666666669, 0.16666666666666669;
    ( high, young_adult, OWN ) 0.16666666666666669, 0.16666666666666669, 0.16666666666666669, 0.16666666666666669, 0.16666666666666669, 0.16666666666666669;
    ( high, young_adult, RENT ) 0.16666666666666669, 0.16666666666666669, 0.16666666666666669, 0.16666666666666669, 0.16666666666666669, 0.16666666666666669;
    ( low, adult, MORTGAGE ) 0.18496320224969076, 0.16146959624814233, 0.17599291632182681, 0.16061528330263147, 0.16531400450294115, 0.15164499737476753;
    ( low, adult, OTHER ) 0.07185185185185186, 0.14296296296296296, 0.07185185185185186, 0.2851851851851852, 0.14296296296296296, 0.2851851851851852;
    ( low, adult, OWN ) 0.032367637976531353, 0.16711582729773736, 0.18867553758913033, 0.1482510807927685, 0.18328561001628207, 0.2803043063275504;
    ( low, adult, RENT ) 0.17542568052252053, 0.16708951561143207, 0.11236078076037304, 0.22218069241514707, 0.15984067655831166, 0.16310265413221584;
    ( low, middle_aged, MORTGAGE ) 0.16666666666666669, 0.16666666666666669, 0.16666666666666669, 0.16666666666666669, 0.16666666666666669, 0.16666666666666669;
    ( low, middle_aged, OTHER ) 0.16666666666666669, 0.16666666666666669, 0.16666666666666669, 0.16666666666666669, 0.16666666666666669, 0.16666666666666669;
    ( low, middle_aged, OWN ) 0.16666666666666669, 0.16666666666666669, 0.16666666666666669, 0.16666666666666669, 0.16666666666666669, 0.16666666666666669;
    ( low, middle_aged, RENT ) 0.16666666666666669, 0.16666666666666669, 0.16666666666666669, 0.16666666666666669, 0.16666666666666669, 0.16666666666666669;
    ( low, senior, MORTGAGE ) 0.16666666666666669, 0.16666666666666669, 0.16666666666666669, 0.16666666666666669, 0.16666666666666669, 0.16666666666666669;
    ( low, senior, OTHER ) 0.16666666666666669, 0.16666666666666669, 0.16666666666666669, 0.16666666666666669, 0.16666666666666669, 0.16666666666666669;
    ( low, senior, OWN ) 0.16666666666666669, 0.16666666666666669, 0.16666666666666669, 0.16666666666666669, 0.16666666666666669, 0.16666666666666669;
    ( low, senior, RENT ) 0.16666666666666669, 0.16666666666666669, 0.16666666666666669, 0.16666666666666669, 0.16666666666666669, 0.16666666666666669;
    ( low, young, MORTGAGE ) 0.18591210467640676, 0.2704042715484363, 0.028193393181951534, 0.14366602124039193, 0.20562694361321365, 0.16619726573959984;
    ( low, young, OTHER ) 0.12532299741602065, 0.49741602067183455, 0.001291989664082687, 0.24935400516795858, 0.001291989664082687, 0.12532299741602065;
    ( low, young, OWN ) 0.022455322455322453, 0.25369075369075367, 0.0522921522921523, 0.1790986790986791, 0.14180264180264182, 0.35066045066045065;
    ( low, young, RENT ) 0.16301401135747512, 0.28766087378363725, 0.05069486059983449, 0.17123248580315614, 0.16027451987558144, 0.16712324858031563;
    ( low, young_adult, MORTGAGE ) 0.1672490015383346, 0.265547127875885, 0.06219579068943597, 0.16026098307831918, 0.16538552994899716, 0.17936156686902802;
    ( low, young_adult, OTHER ) 0.17390321121664404, 0.1521935775667119, 0.08706467661691543, 0.1521935775667119, 0.1956128448665762, 0.23903211216644052;
    ( low, young_adult, OWN ) 0.03473176612417119, 0.2719831223628692, 0.0567209162145871, 0.16435201928872814, 0.15393610608800481, 0.31827606992163954;
    ( low, young_adult, RENT ) 0.17322963554653623, 0.2552667465449063, 0.06165916458875299, 0.18428305681789559, 0.16338518222673185, 0.1621762142751769;
    ( lower_middle, adult, MORTGAGE ) 0.162030400081338, 0.14494941792486402, 0.17032687712876823, 0.167398708759087, 0.18643180316201516, 0.16886279294392761;
    ( lower_middle, adult, OTHER ) 0.19986168741355462, 0.06708160442600278, 0.1334716459197787, 0.06708160442600278, 0.1334716459197787, 0.39903181189488246;
    ( lower_middle, adult, OWN ) 0.026916221033868086, 0.18581614463967402, 0.14425770308123248, 0.18092691622103385, 0.1931499872676343, 0.26893302775655714;
    ( lower_middle, adult, RENT ) 0.17442860934911353, 0.15641504425588781, 0.11819113783855527, 0.21792477872056093, 0.17354989885676103, 0.15949053097912147;
    ( lower_middle, middle_aged, MORTGAGE ) 0.17964906942542727, 0.16407018611491456, 0.16358334601146104, 0.17234646787362443, 0.16163598559764694, 0.15871494497692581;
    ( lower_middle, middle_aged, OTHER ) 0.3971193415637859, 0.0020576131687242796, 0.19958847736625512, 0.19958847736625512, 0.0020576131687242796, 0.19958847736625512;
    ( lower_middle, middle_aged, OWN ) 0.022948373619814978, 0.16045956430916145, 0.17478364667263502, 0.16332438078185615, 0.17478364667263502, 0.30370038794389737;
    ( lower_middle, middle_aged, RENT ) 0.16740870597619908, 0.15271632764745713, 0.11487232286130358, 0.22884956080548366, 0.17052527107623527, 0.16562781163332127;
    ( lower_middle, senior, MORTGAGE ) 0.16666666666666669, 0.16666666666666669, 0.16666666666666669, 0.16666666666666669, 0.16666666666666669, 0.16666666666666669;
    ( lower_middle, senior, OTHER ) 0.16666666666666669, 0.16666666666666669, 0.16666666666666669, 0.16666666666666669, 0.16666666666666669, 0.16666666666666669;
    ( lower_middle, senior, OWN ) 0.16666666666666669, 0.16666666666666669, 0.16666666666666669, 0.16666666666666669, 0.16666666666666669, 0.16666666666666669;
    ( lower_middle, senior, RENT ) 0.16666666666666669, 0.16666666666666669, 0.16666666666666669, 0.16666666666666669, 0.16666666666666669, 0.16666666666666669;
    ( lower_middle, young, MORTGAGE ) 0.16666666666666669, 0.16666666666666669, 0.16666666666666669, 0.16666666666666669, 0.16666666666666669, 0.16666666666666669;
    ( lower_middle, young, OTHER ) 0.16666666666666669, 0.16666666666666669, 0.16666666666666669, 0.16666666666666669, 0.16666666666666669, 0.16666666666666669;
    ( lower_middle, young, OWN ) 0.16666666666666669, 0.16666666666666669, 0.16666666666666669, 0.16666666666666669, 0.16666666666666669, 0.16666666666666669;
    ( lower_middle, young, RENT ) 0.16666666666666669, 0.16666666666666669, 0.16666666666666669, 0.16666666666666669, 0.16666666666666669, 0.16666666666666669;
    ( lower_middle, young_adult, MORTGAGE ) 0.16666666666666669, 0.16666666666666669, 0.16666666666666669, 0.16666666666666669, 0.16666666666666669, 0.16666666666666669;
    ( lower_middle, young_adult, OTHER ) 0.16666666666666669, 0.16666666666666669, 0.16666666666666669, 0.16666666666666669, 0.16666666666666669, 0.16666666666666669;
    ( lower_middle, young_adult, OWN ) 0.16666666666666669, 0.16666666666666669, 0.16666666666666669, 0.16666666666666669, 0.16666666666666669, 0.16666666666666669;
    ( lower_middle, young_adult, RENT ) 0.16666666666666669, 0.16666666666666669, 0.16666666666666669, 0.16666666666666669, 0.16666666666666669, 0.16666666666666669;
    ( middle, adult, MORTGAGE ) 0.15079627486636907, 0.17989199316691462, 0.15873147076651786, 0.18518212376701382, 0.17460186256681542, 0.15079627486636907;
    ( middle, adult, OTHER ) 0.2487179487179487, 0.0025641025641025632, 0.0025641025641025632, 0.2487179487179487, 0.2487179487179487, 0.2487179487179487;
    ( middle, adult, OWN ) 0.014421647338685699, 0.17142432352066606, 0.15715135295866786, 0.2713351174546536, 0.18569729408266428, 0.1999702646446625;
    ( middle, adult, RENT ) 0.14693252934996115, 0.1622813028185099, 0.10527157279247178, 0.2521812617057238, 0.16447398474258826, 0.16885934859074506;
    ( middle, middle_aged, MORTGAGE ) 0.1886613156195221, 0.15943352707814373, 0.16120490820186364, 0.15589076483070394, 0.16297628932558353, 0.17183319494418303;
    ( middle, middle_aged, OTHER ) 0.0020576131687242796, 0.19958847736625515, 0.19958847736625515, 0.0020576131687242796, 0.397119341563786, 0.19958847736625515;
    ( middle, middle_aged, OWN ) 0.01743185728515802, 0.13044462555465, 0.191297654622838, 0.15652449515530198, 0.143484560354976, 0.36081680702707597;
    ( middle, middle_aged, RENT ) 0.17439082265534223, 0.1657502413798746, 0.12019081283649988, 0.21366619208928597, 0.15946618227044362, 0.16653574876855348;
    ( middle, senior, MORTGAGE ) 0.1535099741129892, 0.16081924775392112, 0.16959037612303945, 0.17105223085122584, 0.17689964976397138, 0.16812852139485307;
    ( middle, senior, OTHER ) 0.11149425287356322, 0.2218390804597701, 0.33218390804597697, 0.11149425287356322, 0.2218390804597701, 0.0011494252873563218;
    ( middle, senior, OWN ) 0.017028410093523908, 0.1779601199929416, 0.13560967001941063, 0.22031056996647258, 0.1694900299982354, 0.2796011999294159;
    ( middle, senior, RENT ) 0.1581204190035313, 0.15527166978248616, 0.11966230451942196, 0.24500727024540792, 0.1752129143298021, 0.14672542211935075;
    ( middle, young, MORTGAGE ) 0.16666666666666669, 0.16666666666666669, 0.16666666666666669, 0.16666666666666669, 0.16666666666666669, 0.16666666666666669;
    ( middle, young, OTHER ) 0.16666666666666669, 0.16666666666666669, 0.16666666666666669, 0.16666666666666669, 0.16666666666666669, 0.16666666666666669;
    ( middle, young, OWN ) 0.16666666666666669, 0.16666666666666669, 0.16666666666666669, 0.16666666666666669, 0.16666666666666669, 0.16666666666666669;
    ( middle, young, RENT ) 0.16666666666666669, 0.16666666666666669, 0.16666666666666669, 0.16666666666666669, 0.16666666666666669, 0.16666666666666669;
    ( middle, young_adult, MORTGAGE ) 0.16666666666666669, 0.16666666666666669, 0.16666666666666669, 0.16666666666666669, 0.16666666666666669, 0.16666666666666669;
    ( middle, young_adult, OTHER ) 0.16666666666666669, 0.16666666666666669, 0.16666666666666669, 0.16666666666666669, 0.16666666666666669, 0.16666666666666669;
    ( middle, young_adult, OWN ) 0.16666666666666669, 0.16666666666666669, 0.16666666666666669, 0.16666666666666669, 0.16666666666666669, 0.16666666666666669;
    ( middle, young_adult, RENT ) 0.16666666666666669, 0.16666666666666669, 0.16666666666666669, 0.16666666666666669, 0.16666666666666669, 0.16666666666666669;

}
probability ( loan_percent_income | loan_amnt, person_income ) {
    ( high, high ) 0.0010373443983402492, 0.8309128630705396, 0.16701244813278013, 0.0010373443983402492;
    ( high, low ) 0.25, 0.25, 0.25, 0.25;
    ( high, lower_middle ) 0.931818181818182, 0.022727272727272735, 0.022727272727272735, 0.022727272727272735;
    ( high, middle ) 0.5050491973070947, 0.0001294665976178146, 0.0001294665976178146, 0.4946918694976696;
    ( high, upper_middle ) 0.022087616250611845, 0.014745472344591287, 0.3218918257464513, 0.6412750856583455;
    ( low, high ) 0.0026041666666666665, 0.9921874999999999, 0.0026041666666666665, 0.0026041666666666665;
    ( low, low ) 0.14316239316239315, 0.014957264957264958, 0.35683760683760685, 0.485042735042735;
    ( low, lower_middle ) 0.002472206866900068, 0.38052023831459986, 0.5064338799828021, 0.11057367483569806;
    ( low, middle ) 1.5546296872085068e-05, 0.9197344692494246, 0.08023443815683103, 1.5546296872085068e-05;
    ( low, upper_middle ) 5.986590038314178e-05, 0.9998204022988507, 5.986590038314178e-05, 5.986590038314178e-05;
    ( lower_middle, high ) 0.001984126984126984, 0.994047619047619, 0.001984126984126984, 0.001984126984126984;
    ( lower_middle, low ) 0.931818181818182, 0.022727272727272735, 0.022727272727272735, 0.022727272727272735;
    ( lower_middle, lower_middle ) 0.037408654944051156, 1.4272664992007308e-05, 0.3274292075816396, 0.6351478648093172;
    ( lower_middle, middle ) 8.719612151651495e-06, 0.1934097171357818, 0.7573942311046005, 0.04918733214746608;
    ( lower_middle, upper_middle ) 2.3795926137445266e-05, 0.8990338853988196, 0.10091852274890538, 2.3795926137445266e-05;
    ( middle, high ) 0.0015527950310559012, 0.9953416149068326, 0.0015527950310559012, 0.0015527950310559012;
    ( middle, low ) 0.25, 0.25, 0.25, 0.25;
    ( middle, lower_middle ) 0.2657570548632001, 3.581148832545481e-05, 3.581148832545481e-05, 0.7341713221601489;
    ( middle, middle ) 1.2993087677355648e-05, 1.2993087677355648e-05, 0.440998388857128, 0.5589756249675174;
    ( middle, upper_middle ) 2.5403922365613253e-05, 0.29013819733766893, 0.7098109948175999, 2.5403922365613253e-05;
    ( upper_middle, high ) 0.0011848341232227491, 0.996445497630332, 0.0011848341232227491, 0.0011848341232227491;
    ( upper_middle, low ) 0.25, 0.25, 0.25, 0.25;
    ( upper_middle, lower_middle ) 0.9111143867924527, 0.00014740566037735848, 0.00014740566037735848, 0.08859080188679244;
    ( upper_middle, middle ) 0.1098839889366933, 1.9207129686539642e-05, 0.02037876459741856, 0.8697180393362016;
    ( upper_middle, upper_middle ) 2.3071244001476562e-05, 0.060931155407899604, 0.6474021779254338, 0.2916435954226652;

}
probability ( loan_status | loan_grade, loan_intent, loan_percent_income, person_home_ownership ) {
    ( A, DEBTCONSOLIDATION, high, MORTGAGE ) 0.947193298363736, 0.052806701636264004;
    ( A, DEBTCONSOLIDATION, high, OTHER ) 0.0036927621861152136, 0.9963072378138847;
    ( A, DEBTCONSOLIDATION, high, OWN ) 0.0012370113805047005, 0.9987629886194953;
    ( A, DEBTCONSOLIDATION, high, RENT ) 0.000109394827812541, 0.9998906051721874;
    ( A, DEBTCONSOLIDATION, low, MORTGAGE ) 0.950768513128525, 0.049231486871474994;
    ( A, DEBTCONSOLIDATION, low, OTHER ) 0.9963072378138847, 0.0036927621861152136;
    ( A, DEBTCONSOLIDATION, low, OWN ) 0.5, 0.5;
    ( A, DEBTCONSOLIDATION, low, RENT ) 0.9441706751565906, 0.05582932484340934;
    ( A, DEBTCONSOLIDATION, lower_middle, MORTGAGE ) 0.95855411088137, 0.041445889118629994;
    ( A, DEBTCONSOLIDATION, lower_middle, OTHER ) 0.5, 0.5;
    ( A, DEBTCONSOLIDATION, lower_middle, OWN ) 0.5, 0.5;
    ( A, DEBTCONSOLIDATION, lower_middle, RENT ) 0.9378978491224829, 0.06210215087751717;
    ( A, DEBTCONSOLIDATION, middle, MORTGAGE ) 0.9595786894732491, 0.04042131052675088;
    ( A, DEBTCONSOLIDATION, middle, OTHER ) 0.5, 0.5;
    ( A, DEBTCONSOLIDATION, middle, OWN ) 0.0007429420505200594, 0.9992570579494799;
    ( A, DEBTCONSOLIDATION, middle, RENT ) 0.6238051372896368, 0.3761948627103632;
    ( A, EDUCATION, high, MORTGAGE ) 0.8331267815094808, 0.1668732184905193;
    ( A, EDUCATION, high, OTHER ) 0.5, 0.5;
    ( A, EDUCATION, high, OWN ) 0.7998512642538423, 0.20014873574615769;
    ( A, EDUCATION, high, RENT ) 0.0001487652484379649, 0.9998512347515621;
    ( A, EDUCATION, low, MORTGAGE ) 0.9694567608604284, 0.0305432391395716;
    ( A, EDUCATION, low, OTHER ) 0.9981467753891772, 0.0018532246108228314;
    ( A, EDUCATION, low, OWN ) 0.9999270647956355, 7.293520436444262e-05;
    ( A, EDUCATION, low, RENT ) 0.9627956883458669, 0.03720431165413302;
    ( A, EDUCATION, lower_middle, MORTGAGE ) 0.9734214432826647, 0.026578556717335278;
    ( A, EDUCATION, lower_middle, OTHER ) 0.5, 0.5;
    ( A, EDUCATION, lower_middle, OWN ) 0.9635736507507101, 0.03642634924928986;
    ( A, EDUCATION, lower_middle, RENT ) 0.9317500986185591, 0.06824990138144096;
    ( A, EDUCATION, middle, MORTGAGE ) 0.9136223747844026, 0.08637762521559741;
    ( A, EDUCATION, middle, OTHER ) 0.5, 0.5;
    ( A, EDUCATION, middle, OWN ) 0.9253259010859668, 0.07467409891403318;
    ( A, EDUCATION, middle, RENT ) 0.6892806845056201, 0.3107193154943799;
    ( A, HOMEIMPROVEMENT, high, MORTGAGE ) 0.7271191023387861, 0.27288089766121404;
    ( A, HOMEIMPROVEMENT, high, OTHER ) 0.5, 0.5;
    ( A, HOMEIMPROVEMENT, high, OWN ) 0.5, 0.5;
    ( A, HOMEIMPROVEMENT, high, RENT ) 0.00023240680487124663, 0.9997675931951288;
    ( A, HOMEIMPROVEMENT, low, MORTGAGE ) 0.9459331353093597, 0.054066864690640204;
    ( A, HOMEIMPROVEMENT, low, OTHER ) 0.9981467753891772, 0.0018532246108228314;
    ( A, HOMEIMPROVEMENT, low, OWN ) 0.9998512347515621, 0.0001487652484379649;
    ( A, HOMEIMPROVEMENT, low, RENT ) 0.8761638205909446, 0.12383617940905546;
    ( A, HOMEIMPROVEMENT, lower_middle, MORTGAGE ) 0.9448407726941993, 0.055159227305800675;
    ( A, HOMEIMPROVEMENT, lower_middle, OTHER ) 0.9963072378138847, 0.0036927621861152136;
    ( A, HOMEIMPROVEMENT, lower_middle, OWN ) 0.9458562869435844, 0.05414371305641561;
    ( A, HOMEIMPROVEMENT, lower_middle, RENT ) 0.8414479235661855, 0.15855207643381453;
    ( A, HOMEIMPROVEMENT, middle, MORTGAGE ) 0.9122537950478378, 0.08774620495216215;
    ( A, HOMEIMPROVEMENT, middle, OTHER ) 0.5, 0.5;
    ( A, HOMEIMPROVEMENT, middle, OWN ) 0.8285015940488841, 0.17149840595111585;
    ( A, HOMEIMPROVEMENT, middle, RENT ) 0.5205458510833452, 0.4794541489166548;
    ( A, MEDICAL, high, MORTGAGE ) 0.6665840356965791, 0.33341596430342096;
    ( A, MEDICAL, high, OTHER ) 0.0036927621861152136, 0.9963072378138847;
    ( A, MEDICAL, high, OWN ) 0.9990716672855552, 0.0009283327144448569;
    ( A, MEDICAL, high, RENT ) 8.086166186887471e-05, 0.9999191383381311;
    ( A, MEDICAL, low, MORTGAGE ) 0.9539773686877216, 0.04602263131227833;
    ( A, MEDICAL, low, OTHER ) 0.9981467753891772, 0.0018532246108228314;
    ( A, MEDICAL, low, OWN ) 0.999925606308585, 7.4393691414968e-05;
    ( A, MEDICAL, low, RENT ) 0.9629470159895837, 0.037052984010416304;
    ( A, MEDICAL, lower_middle, MORTGAGE ) 0.9467996691428187, 0.0532003308571813;
    ( A, MEDICAL, lower_middle, OTHER ) 0.9963072378138847, 0.0036927621861152136;
    ( A, MEDICAL, lower_middle, OWN ) 0.9591139586433061, 0.04088604135669389;
    ( A, MEDICAL, lower_middle, RENT ) 0.9504039911290025, 0.04959600887099749;
    ( A, MEDICAL, middle, MORTGAGE ) 0.9024207670601472, 0.09757923293985282;
    ( A, MEDICAL, middle, OTHER ) 0.9963072378138847, 0.0036927621861152136;
    ( A, MEDICAL, middle, OWN ) 0.8946853219870005, 0.10531467801299954;
    ( A, MEDICAL, middle, RENT ) 0.6813137397048964, 0.3186862602951036;
    ( A, PERSONAL, high, MORTGAGE ) 0.8331267815094808, 0.1668732184905193;
    ( A, PERSONAL, high, OTHER ) 0.5, 0.5;
    ( A, PERSONAL, high, OWN ) 0.37511614941460697, 0.6248838505853931;
    ( A, PERSONAL, high, RENT ) 0.00013283034907815737, 0.9998671696509219;
    ( A, PERSONAL, low, MORTGAGE ) 0.9590070622100612, 0.04099293778993889;
    ( A, PERSONAL, low, OTHER ) 0.9963072378138847, 0.0036927621861152136;
    ( A, PERSONAL, low, OWN ) 0.9999154634294796, 8.453657052040711e-05;
    ( A, PERSONAL, low, RENT ) 0.9152367821503333, 0.08476321784966666;
    ( A, PERSONAL, lower_middle, MORTGAGE ) 0.9662567007906485, 0.03374329920935152;
    ( A, PERSONAL, lower_middle, OTHER ) 0.9990716672855552, 0.0009283327144448569;
    ( A, PERSONAL, lower_middle, OWN ) 0.982393171317445, 0.017606828682555014;
    ( A, PERSONAL, lower_middle, RENT ) 0.9216970191223118, 0.07830298087768817;
    ( A, PERSONAL, middle, MORTGAGE ) 0.8936014437118591, 0.10639855628814082;
    ( A, PERSONAL, middle, OTHER ) 0.0036927621861152136, 0.9963072378138847;
    ( A, PERSONAL, middle, OWN ) 0.8221689535460406, 0.17783104645395928;
    ( A, PERSONAL, middle, RENT ) 0.687172345377542, 0.31282765462245793;
    ( A, VENTURE, high, MORTGAGE ) 0.9997521070897373, 0.0002478929102627665;
    ( A, VENTURE, high, OTHER ) 0.5, 0.5;
    ( A, VENTURE, high, OWN ) 0.8331956036691183, 0.16680439633088176;
    ( A, VENTURE, high, RENT ) 0.00010626992561105205, 0.9998937300743889;
    ( A, VENTURE, low, MORTGAGE ) 0.9999885884871529, 1.1411512847081162e-05;
    ( A, VENTURE, low, OTHER ) 0.9992570579494799, 0.0007429420505200594;
    ( A, VENTURE, low, OWN ) 0.9999529128133652, 4.708718663477294e-05;
    ( A, VENTURE, low, RENT ) 0.9999803169754277, 1.9683024572287874e-05;
    ( A, VENTURE, lower_middle, MORTGAGE ) 0.9999904855056193, 9.514494380739618e-06;
    ( A, VENTURE, lower_middle, OTHER ) 0.9963072378138847, 0.0036927621861152136;
    ( A, VENTURE, lower_middle, OWN ) 0.990958081424186, 0.00904191857581404;
    ( A, VENTURE, lower_middle, RENT ) 0.9767324016076964, 0.023267598392303624;
    ( A, VENTURE, middle, MORTGAGE ) 0.9877077989063455, 0.01229220109365443;
    ( A, VENTURE, middle, OTHER ) 0.9981467753891772, 0.0018532246108228314;
    ( A, VENTURE, middle, OWN ) 0.9042233232551881, 0.09577667674481186;
    ( A, VENTURE, middle, RENT ) 0.7219163039413061, 0.2780836960586939;
    ( B, DEBTCONSOLIDATION, high, MORTGAGE ) 0.7406744173232686, 0.2593255826767315;
    ( B, DEBTCONSOLIDATION, high, OTHER ) 0.5, 0.5;
    ( B, DEBTCONSOLIDATION, high, OWN ) 0.5, 0.5;
    ( B, DEBTCONSOLIDATION, high, RENT ) 7.91414732976669e-05, 0.9999208585267023;
    ( B, DEBTCONSOLIDATION, low, MORTGAGE ) 0.9281591949817901, 0.07184080501820991;
    ( B, DEBTCONSOLIDATION, low, OTHER ) 0.9981467753891772, 0.0018532246108228314;
    ( B, DEBTCONSOLIDATION, low, OWN ) 0.5, 0.5;
    ( B, DEBTCONSOLIDATION, low, RENT ) 0.9069626604837873, 0.09303733951621275;
    ( B, DEBTCONSOLIDATION, lower_middle, MORTGAGE ) 0.9354708060074043, 0.06452919399259574;
    ( B, DEBTCONSOLIDATION, lower_middle, OTHER ) 0.9981467753891772, 0.0018532246108228314;
    ( B, DEBTCONSOLIDATION, lower_middle, OWN ) 0.0036927621861152136, 0.9963072378138847;
    ( B, DEBTCONSOLIDATION, lower_middle, RENT ) 0.9064239064695926, 0.0935760935304074;
    ( B, DEBTCONSOLIDATION, middle, MORTGAGE ) 0.8693329245586355, 0.1306670754413645;
    ( B, DEBTCONSOLIDATION, middle, OTHER ) 0.0018532246108228314, 0.9981467753891772;
    ( B, DEBTCONSOLIDATION, middle, OWN ) 0.0036927621861152136, 0.9963072378138847;
    ( B, DEBTCONSOLIDATION, middle, RENT ) 0.6011538941238705, 0.3988461058761295;
    ( B, EDUCATION, high, MORTGAGE ) 0.8517549176263155, 0.1482450823736845;
    ( B, EDUCATION, high, OTHER ) 0.5, 0.5;
    ( B, EDUCATION, high, OWN ) 0.8997026022304834, 0.10029739776951675;
    ( B, EDUCATION, high, RENT ) 6.642399766187527e-05, 0.9999335760023381;
    ( B, EDUCATION, low, MORTGAGE ) 0.9180200398846151, 0.08197996011538485;
    ( B, EDUCATION, low, OTHER ) 0.9963072378138847, 0.0036927621861152136;
    ( B, EDUCATION, low, OWN ) 0.9999046274749169, 9.537252508297408e-05;
    ( B, EDUCATION, low, RENT ) 0.9208202870694733, 0.0791797129305267;
    ( B, EDUCATION, lower_middle, MORTGAGE ) 0.928814268390199, 0.07118573160980105;
    ( B, EDUCATION, lower_middle, OTHER ) 0.9987629886194953, 0.0012370113805047005;
    ( B, EDUCATION, lower_middle, OWN ) 0.9795190234718975, 0.02048097652810251;
    ( B, EDUCATION, lower_middle, RENT ) 0.9187738175720334, 0.0812261824279666;
    ( B, EDUCATION, middle, MORTGAGE ) 0.9148804812410954, 0.08511951875890454;
    ( B, EDUCATION, middle, OTHER ) 0.5, 0.5;
    ( B, EDUCATION, middle, OWN ) 0.8946853219870005, 0.10531467801299954;
    ( B, EDUCATION, middle, RENT ) 0.630432145442194, 0.36956785455780605;
    ( B, HOMEIMPROVEMENT, high, MORTGAGE ) 0.947193298363736, 0.052806701636264004;
    ( B, HOMEIMPROVEMENT, high, OTHER ) 0.5, 0.5;
    ( B, HOMEIMPROVEMENT, high, OWN ) 0.8746515517561791, 0.12534844824382085;
    ( B, HOMEIMPROVEMENT, high, RENT ) 0.00014304514504777708, 0.9998569548549523;
    ( B, HOMEIMPROVEMENT, low, MORTGAGE ) 0.8830242696902982, 0.11697573030970178;
    ( B, HOMEIMPROVEMENT, low, OTHER ) 0.9963072378138847, 0.0036927621861152136;
    ( B, HOMEIMPROVEMENT, low, OWN ) 0.9998450381206223, 0.0001549618793776731;
    ( B, HOMEIMPROVEMENT, low, RENT ) 0.8032601934405835, 0.1967398065594165;
    ( B, HOMEIMPROVEMENT, lower_middle, MORTGAGE ) 0.8873104142069708, 0.11268958579302925;
    ( B, HOMEIMPROVEMENT, lower_middle, OTHER ) 0.9963072378138847, 0.0036927621861152136;
    ( B, HOMEIMPROVEMENT, lower_middle, OWN ) 0.9141976620616364, 0.08580233793836343;
    ( B, HOMEIMPROVEMENT, lower_middle, RENT ) 0.7514342728860065, 0.24856572711399352;
    ( B, HOMEIMPROVEMENT, middle, MORTGAGE ) 0.8671137657256428, 0.13288623427435717;
    ( B, HOMEIMPROVEMENT, middle, OTHER ) 0.9981467753891772, 0.0018532246108228314;
    ( B, HOMEIMPROVEMENT, middle, OWN ) 0.8856323060573857, 0.11436769394261424;
    ( B, HOMEIMPROVEMENT, middle, RENT ) 0.4525573211395801, 0.5474426788604199;
    ( B, MEDICAL, high, MORTGAGE ) 0.8123547457469555, 0.18764525425304454;
    ( B, MEDICAL, high, OTHER ) 0.5, 0.5;
    ( B, MEDICAL, high, OWN ) 0.9990716672855552, 0.0009283327144448569;
    ( B, MEDICAL, high, RENT ) 6.304693213628224e-05, 0.9999369530678637;
    ( B, MEDICAL, low, MORTGAGE ) 0.8999864723189827, 0.10001352768101728;
    ( B, MEDICAL, low, OTHER ) 0.5, 0.5;
    ( B, MEDICAL, low, OWN ) 0.9998671696509219, 0.00013283034907815737;
    ( B, MEDICAL, low, RENT ) 0.9049189690494779, 0.09508103095052213;
    ( B, MEDICAL, lower_middle, MORTGAGE ) 0.8911172979881316, 0.10888270201186839;
    ( B, MEDICAL, lower_middle, OTHER ) 0.9963072378138847, 0.0036927621861152136;
    ( B, MEDICAL, lower_middle, OWN ) 0.9361011744594637, 0.06389882554053626;
    ( B, MEDICAL, lower_middle, RENT ) 0.9177708701906384, 0.08222912980936162;
    ( B, MEDICAL, middle, MORTGAGE ) 0.9069591397105261, 0.0930408602894739;
    ( B, MEDICAL, middle, OTHER ) 0.9981467753891772, 0.0018532246108228314;
    ( B, MEDICAL, middle, OWN ) 0.9654575305918267, 0.03454246940817321;
    ( B, MEDICAL, middle, RENT ) 0.6496323276501917, 0.3503676723498083;
    ( B, PERSONAL, high, MORTGAGE ) 0.8945823220856495, 0.1054176779143506;
    ( B, PERSONAL, high, OTHER ) 0.5, 0.5;
    ( B, PERSONAL, high, OWN ) 0.9996901722642212, 0.00030982773577890697;
    ( B, PERSONAL, high, RENT ) 5.9996640188149454e-05, 0.9999400033598118;
    ( B, PERSONAL, low, MORTGAGE ) 0.9204890015129535, 0.0795109984870465;
    ( B, PERSONAL, low, OTHER ) 0.9981467753891772, 0.0018532246108228314;
    ( B, PERSONAL, low, OWN ) 0.9998622513637115, 0.00013774863628850074;
    ( B, PERSONAL, low, RENT ) 0.8873104142069708, 0.11268958579302925;
    ( B, PERSONAL, lower_middle, MORTGAGE ) 0.9321313740600006, 0.06786862593999947;
    ( B, PERSONAL, lower_middle, OTHER ) 0.5, 0.5;
    ( B, PERSONAL, lower_middle, OWN ) 0.9999436391099488, 5.636089005117568e-05;
    ( B, PERSONAL, lower_middle, RENT ) 0.8954719138436188, 0.10452808615638123;
    ( B, PERSONAL, middle, MORTGAGE ) 0.8571263528563638, 0.14287364714363612;
    ( B, PERSONAL, middle, OTHER ) 0.6662543295398318, 0.33374567046016823;
    ( B, PERSONAL, middle, OWN ) 0.8912410647863634, 0.1087589352136365;
    ( B, PERSONAL, middle, RENT ) 0.5727830963895704, 0.42721690361042963;
    ( B, VENTURE, high, MORTGAGE ) 0.9998229085499752, 0.0001770914500247928;
    ( B, VENTURE, high, OTHER ) 0.5, 0.5;
    ( B, VENTURE, high, OWN ) 0.9998140572703608, 0.0001859427296392711;
    ( B, VENTURE, high, RENT ) 7.91414732976669e-05, 0.9999208585267023;
    ( B, VENTURE, low, MORTGAGE ) 0.9999821148797047, 1.7885120295319105e-05;
    ( B, VENTURE, low, OTHER ) 0.5, 0.5;
    ( B, VENTURE, low, OWN ) 0.9999380037197768, 6.19962802231866e-05;
    ( B, VENTURE, low, RENT ) 0.9999829352700664, 1.706472993358407e-05;
    ( B, VENTURE, lower_middle, MORTGAGE ) 0.999985524784464, 1.447521553595933e-05;
    ( B, VENTURE, lower_middle, OTHER ) 0.9987629886194953, 0.0012370113805047005;
    ( B, VENTURE, lower_middle, OWN ) 0.9883298441095558, 0.01167015589044414;
    ( B, VENTURE, lower_middle, RENT ) 0.9803270397137567, 0.019672960286243348;
    ( B, VENTURE, middle, MORTGAGE ) 0.989777325629949, 0.010222674370050942;
